Median: 
A: 0.5193861722946167
B: 0.6198049783706665
C: 0.10770392417907715
D: 0.9215430021286011
E: 1.427621841430664
95th percentile: 
A: 0.7006981492042541
B: 0.930905222892761
C: 0.394187188148498
D: 1.633723783493041
E: 1.7345963716506958
10th percentile:
A: 0.5004965543746949
B: 0.5191298723220825
C: 0.10099327564239502
D: 0.8703781843185424
E: 1.3306285858154296
