Median: 
A: 0.5433130264282227
B: 0.6888527870178223
C: 0.10962855815887451
D: 0.8531842231750488
E: 0.9145199060440063
95th percentile: 
A: 1.1343511700630102
B: 2.0151555061340325
C: 0.6741190671920763
D: 1.6653297424316402
E: 1.4597697734832764
10th percentile:
A: 0.49888319969177247
B: 0.49050812721252446
C: 0.10160474777221679
D: 0.662989330291748
E: 0.7232043504714966
